升级#  单体DPS  群体DPS
   1       73      73
   2       81      81
   3       88     141
   4       96     154
   5      104     229
   6      112     246
   7      119     263
   8      155     299
   9      200     343
  10      208     352
  11      241     385
  12      252     395
  13      334     478
  14      350     494
  15      366     510
  16      413     557
  17      437     580
  18      444     588
  19      452     646
  20      459     658
  21      467     791
  22      474     812
  23      482     833
  24      513     864
  25      540     891
  26      547     898
  27      553     904
  28      559     910
  29      565     917
  30      572     923
  31      578     929
  32      615     988
  33      657    1056
  34      705    1133

层  单体DPS  群体DPS  v0.7BossHP  v0.7BossTTK(s)  建议BossHP(目标TTK)  建议TTK
  5     112     246     2600      23        2233         20
 10     252     395     5200      21        6296         25
 15     437     580     9000      21       12225         28
 20     482     833    14000      29       14453         30
 25     565     917    22000      39       19789         35
 30     705    1133    32000      45       46518         66
